0
0
1
0
50
2
0
100
2
0
150
2
0
200
2
0
250
2
0
300
2
0
350
2
0
450
2
0
400
2
0
500
2
0
550
2
50
400
1
100
400
1
150
400
1
200
400
1
250
400
1
300
400
1
350
400
1
400
400
1
400
450
2
350
450
2
300
450
2
250
450
2
200
450
2
150
450
2
100
450
2
50
450
2
50
500
2
100
500
2
50
550
2
100
550
2
150
550
2
150
500
2
200
500
2
200
550
2
250
550
2
250
500
2
300
500
2
300
550
2
350
550
2
350
500
2
400
500
2
400
550
2
600
400
1
600
450
2
600
500
2
600
550
2
650
400
1
700
400
1
750
400
1
850
400
1
800
400
1
900
400
1
950
400
1
1000
400
1
1000
450
2
950
450
2
900
450
2
850
450
2
800
450
2
750
450
2
700
450
2
650
450
2
650
500
2
700
500
2
750
500
2
800
500
2
850
500
2
900
500
2
950
500
2
1000
500
2
1000
550
2
950
550
2
900
550
2
850
550
2
800
550
2
750
550
2
700
550
2
650
550
2
1550
400
1
1600
400
1
1650
400
1
1700
400
1
1750
400
1
1750
350
2
1750
300
2
1750
250
2
1750
200
2
1750
150
2
1750
100
2
1750
50
2
1750
0
1
1750
450
2
1750
500
2
1750
550
2
1750
550
2
1700
550
2
1700
500
2
1700
450
2
1650
450
2
1650
500
2
1650
550
2
1600
550
2
1600
500
2
1600
450
2
1550
450
2
1550
500
2
1550
550
2
1050
250
1
1100
250
1
1150
250
1
1200
250
1
1250
250
1
1300
250
1
1350
250
1
1400
250
1
1450
250
1
1500
250
1
1650
350
4
800
350
3
