0
0
1
0
50
2
0
100
2
0
150
2
0
200
2
0
250
2
0
350
2
0
300
2
0
400
2
0
450
2
0
550
2
0
500
2
50
550
2
50
500
2
50
450
2
100
550
2
100
500
2
100
450
2
150
550
2
150
500
2
150
450
2
200
550
2
200
500
2
200
450
2
250
550
2
250
500
2
250
450
2
50
400
1
100
400
1
150
400
1
200
400
1
250
400
1
450
400
1
500
400
1
550
400
1
600
400
1
650
400
1
450
450
2
450
500
2
450
550
2
500
550
2
500
500
2
500
450
2
550
450
2
550
500
2
550
550
2
600
550
2
600
500
2
600
450
2
650
450
2
650
500
2
650
550
2
700
250
1
750
250
1
900
250
1
950
250
1
1100
250
1
1150
250
1
1200
400
1
1250
400
1
1350
400
1
1300
400
1
1400
400
1
1500
400
1
1450
400
1
1500
400
1
1550
400
1
1600
400
1
1200
450
2
1250
450
2
1300
450
2
1350
450
2
1400
450
2
1450
450
2
1500
450
2
1550
450
2
1600
450
2
1600
500
2
1550
500
2
1500
500
2
1400
500
2
1350
500
2
1450
500
2
1300
500
2
1250
500
2
1200
500
2
1200
550
2
1250
550
2
1300
550
2
1350
550
2
1400
550
2
1450
550
2
1500
550
2
1550
550
2
1600
550
2
1650
250
2
1700
250
2
1750
100
2
1800
100
2
1950
100
1
2000
100
1
2050
100
1
2100
100
1
2150
100
1
2200
100
1
2250
100
1
2300
100
1
2350
100
1
2400
250
1
2450
250
1
2500
250
1
2550
250
1
2600
250
1
2650
250
1
2700
400
1
2750
400
1
2800
400
1
2850
400
1
2950
400
1
2900
400
1
2650
300
2
2650
350
2
2650
400
2
2350
150
2
2350
200
2
2350
250
2
2650
450
2
2650
500
2
2650
550
2
2700
550
2
2700
500
2
2700
450
2
2750
450
2
2750
500
2
2750
550
2
2800
550
2
2800
500
2
2800
450
2
2850
450
2
2850
500
2
2850
550
2
2900
550
2
2900
500
2
2900
450
2
2950
450
2
2950
500
2
2950
550
2
2950
350
2
2950
300
2
2950
250
2
2950
200
2
2950
100
2
2950
150
2
2950
50
2
2950
0
2
2800
350
4
2500
200
3
2200
50
3
1400
350
3
0
600
2
50
600
2
100
600
2
150
600
2
200
600
2
250
600
2
250
650
2
200
650
2
150
650
2
100
650
2
50
650
2
0
650
2
0
700
2
50
700
2
100
700
2
150
700
2
200
700
2
250
700
2
250
750
2
200
750
2
150
750
2
100
750
2
50
750
2
0
750
2
450
600
2
450
650
2
450
700
2
450
750
2
500
750
2
500
700
2
500
650
2
500
600
2
550
600
2
550
700
2
550
750
2
550
650
2
600
750
2
600
700
2
600
650
2
600
600
2
650
600
2
650
650
2
650
750
2
650
700
2
1200
600
2
1200
650
2
1200
700
2
1200
750
2
1250
750
2
1250
700
2
1250
650
2
1250
600
2
1300
600
2
1300
650
2
1300
700
2
1300
750
2
1350
750
2
1350
700
2
1350
650
2
1350
600
2
1400
600
2
1400
650
2
1400
700
2
1400
750
2
1450
600
2
1450
650
2
1450
700
2
1450
750
2
1500
600
2
1500
650
2
1500
700
2
1500
750
2
1550
600
2
1550
650
2
1550
700
2
1550
750
2
1550
600
2
1600
600
2
1600
650
2
1600
700
2
1600
750
2
2950
600
2
2950
650
2
2950
700
2
2950
750
2
2900
750
2
2900
700
2
2900
650
2
2900
600
2
2850
600
2
2850
650
2
2850
700
2
2850
750
2
2800
750
2
2800
700
2
2800
650
2
2800
650
2
2800
600
2
2750
600
2
2750
650
2
2750
700
2
2750
750
2
2700
750
2
2700
700
2
2700
650
2
2700
600
2
2650
600
2
2650
650
2
2650
700
2
2650
750
2
