0
0
1
0
50
2
0
100
2
0
150
2
0
150
2
0
200
2
0
250
2
0
300
2
0
350
2
0
400
2
0
450
2
0
500
2
0
550
2
50
550
2
100
550
2
150
550
2
200
550
2
250
550
2
300
550
2
400
550
2
450
550
2
400
550
2
350
550
2
50
500
2
100
500
2
150
500
2
150
500
2
200
500
2
250
500
2
250
500
2
300
500
2
350
500
2
400
500
2
450
500
2
500
550
2
500
500
2
500
450
2
450
450
2
400
450
2
350
450
2
300
450
2
200
450
2
150
450
2
250
450
2
100
450
2
50
450
2
50
400
2
100
400
2
150
400
2
200
400
2
250
400
2
300
400
2
350
400
2
400
400
2
500
400
2
450
400
2
50
350
3
500
350
1
500
300
1
550
300
1
600
300
1
700
300
1
650
300
1
750
300
1
900
300
1
850
300
1
800
300
1
950
300
1
1000
300
1
1000
350
2
1000
400
2
1050
400
2
1100
400
2
1150
400
2
1200
400
2
1250
450
2
1200
450
2
1250
400
2
1150
450
2
1100
450
2
1050
450
2
1000
450
2
1000
500
2
1050
500
2
1100
500
2
1150
500
2
1200
500
2
1250
500
2
1250
550
2
1200
550
2
1150
550
2
1100
550
2
1050
550
2
1000
550
2
1000
600
2
1050
600
2
1100
600
2
1150
600
2
1200
600
2
1250
600
2
1250
700
2
1250
650
2
1200
650
2
1150
650
2
1150
650
2
1050
650
2
1050
650
2
1100
650
2
1000
650
2
1450
400
4
1400
500
1
1450
500
1
1500
500
1
1600
100
2
1600
150
2
1600
200
2
1600
250
2
1600
300
2
1600
400
2
1600
350
2
1600
450
2
1600
500
2
1600
550
2
1600
600
2
1600
650
2
750
250
3
