0
0
1
0
50
2
0
100
2
0
150
2
0
200
2
0
250
2
0
300
2
0
350
2
0
400
2
0
450
2
0
500
2
0
550
2
50
550
2
50
500
2
50
450
2
100
450
2
100
500
2
100
550
2
150
550
2
150
500
2
150
450
2
200
450
2
200
500
2
200
550
2
250
450
2
250
500
2
250
550
2
50
400
1
100
400
1
150
400
1
200
400
1
250
400
1
300
250
1
350
250
1
400
250
1
450
250
1
500
250
1
550
250
1
600
250
1
650
250
1
700
100
1
750
100
1
800
100
1
850
100
1
900
100
1
1000
100
1
950
100
1
1050
100
1
1100
100
1
1150
100
1
1200
0
1
1200
0
1
1200
0
1
1200
-50
1
1250
0
1
1250
-50
1
1300
-100
1
1300
0
2
1300
0
2
1300
-50
2
1350
0
2
1350
-50
2
1350
-50
2
1400
-50
2
1400
0
2
1300
-100
2
1300
-150
1
1350
-150
1
1400
-150
1
1350
-100
2
1400
-100
2
1200
50
2
1250
50
2
1300
50
2
1350
50
2
1400
50
2
1400
100
2
1400
150
2
1350
100
2
1350
150
2
1300
100
2
1250
100
2
1250
150
2
1300
150
2
1200
100
2
1200
150
2
1400
200
2
1400
250
2
1400
300
2
1400
350
2
1350
350
2
1350
300
2
1350
250
2
1350
200
2
1300
200
2
1300
250
2
1300
300
2
1300
350
2
1250
350
2
1250
300
2
1250
250
2
1250
200
2
1200
200
2
1200
250
2
1200
300
2
1200
350
2
1150
350
2
1150
300
2
1150
250
2
1150
200
2
1150
150
2
1100
150
2
1100
200
2
1100
250
2
1100
300
2
1100
350
2
1050
350
2
1050
300
2
1050
250
2
1050
200
2
1050
150
2
1050
150
2
1000
150
2
1000
200
2
1000
250
2
1000
300
2
1000
350
2
950
350
2
950
300
2
950
250
2
950
200
2
950
150
2
900
150
2
900
200
2
900
250
2
900
300
2
900
350
2
850
350
2
850
300
2
850
250
2
850
200
2
850
150
2
800
150
2
750
150
2
700
150
2
700
200
2
750
200
2
800
200
2
800
250
2
750
250
2
700
250
2
700
300
2
750
300
2
800
300
2
800
350
2
750
350
2
650
350
2
700
350
2
650
300
2
600
300
2
600
350
2
550
350
2
550
300
2
500
300
2
500
350
2
450
350
2
450
300
2
400
300
2
400
350
2
350
350
2
350
300
2
300
300
2
300
350
2
300
400
2
300
450
2
300
500
2
300
550
2
350
400
2
350
450
2
350
500
2
350
550
2
400
400
2
400
450
2
400
500
2
400
550
2
450
400
2
450
450
2
450
500
2
450
550
2
500
550
2
500
500
2
500
450
2
500
400
2
550
400
2
550
450
2
550
500
2
550
550
2
600
400
2
600
450
2
600
500
2
600
550
2
650
550
2
650
500
2
650
450
2
650
400
2
700
400
2
700
450
2
700
500
2
700
550
2
750
400
2
750
450
2
750
500
2
750
550
2
800
550
2
800
500
2
800
450
2
800
400
2
850
400
2
850
450
2
850
500
2
850
550
2
900
550
2
900
500
2
900
450
2
900
400
2
950
400
2
950
450
2
950
500
2
950
550
2
1000
400
2
1000
450
2
1000
550
2
1000
550
2
1000
500
2
1050
400
2
1050
450
2
1050
500
2
1050
550
2
1100
550
2
1100
500
2
1100
450
2
1100
400
2
1150
400
2
1150
450
2
1150
500
2
1150
550
2
1200
550
2
1200
500
2
1200
450
2
1200
400
2
1250
400
2
1250
450
2
1250
500
2
1250
550
2
1300
400
2
1300
450
2
1300
500
2
1300
550
2
1350
550
2
1350
500
2
1350
450
2
1350
400
2
1400
400
2
1400
450
2
1400
550
2
1400
500
2
1400
-150
2
1400
-150
2
1400
-200
2
1400
-250
2
1400
-300
2
1400
-350
2
1400
-400
2
1400
-450
2
1350
-450
2
1300
-450
2
1250
-450
2
1200
-450
2
1150
-450
2
1100
-450
2
1050
-450
2
1000
-450
2
950
-450
2
900
-450
2
850
-450
2
800
-450
2
750
-450
2
650
-450
2
700
-450
2
550
-450
2
550
-450
2
600
-450
2
450
-450
2
450
-450
2
500
-450
2
350
-450
2
400
-450
2
250
-450
2
300
-450
2
200
-450
2
150
-450
2
100
-450
2
50
-450
2
0
-450
2
0
-350
2
0
-400
2
0
-250
2
0
-300
2
0
-150
2
0
-200
2
0
-50
2
0
-100
2
500
200
3
950
50
3
1350
-150
4
1350
-200
4
