0
0
1
0
50
2
0
100
2
0
150
2
0
250
2
0
200
2
0
350
2
0
350
2
0
300
2
0
400
2
0
450
2
0
500
2
0
550
2
50
550
2
50
500
2
50
450
2
50
400
2
100
400
2
100
450
2
100
500
2
100
550
2
200
550
2
150
500
2
150
550
2
150
450
2
150
400
2
200
400
2
200
450
2
200
500
2
250
550
2
250
500
2
250
500
2
250
450
2
250
400
2
50
350
3
100
350
3
150
350
3
200
350
3
250
350
3
50
300
1
100
300
1
150
300
1
200
300
1
250
300
1
300
300
1
300
350
2
300
400
2
300
450
2
300
500
2
300
550
2
450
400
1
600
400
1
750
400
1
900
400
1
1050
400
1
1200
500
2
1200
450
2
1200
400
2
1250
400
2
1250
450
2
1250
500
2
1300
500
2
1300
450
2
1300
400
2
1200
350
3
1300
350
3
1400
350
3
1500
350
3
1600
350
3
1700
350
3
1350
400
1
1350
450
1
1350
500
1
1400
400
1
1450
400
1
1500
400
1
1550
400
1
1600
400
1
1650
400
1
1700
400
1
1400
450
2
1450
450
2
1500
450
2
1550
450
2
1600
450
2
1650
450
2
1700
450
2
1700
500
2
1650
500
2
1600
500
2
1550
500
2
1500
500
2
1450
500
2
1400
500
2
1750
500
2
1750
450
2
1750
450
2
1750
400
2
1750
350
2
1750
300
2
1750
250
2
1750
200
2
1750
150
2
1750
100
2
1750
50
2
1750
0
2
1750
0
1
0
600
1
50
600
2
100
600
2
150
600
2
200
600
2
250
600
2
300
600
2
350
600
2
400
600
2
450
600
2
500
600
2
550
600
2
600
600
2
650
600
2
700
600
2
750
600
2
850
600
2
800
600
2
900
600
2
950
600
2
1000
600
2
1100
600
2
1050
600
2
1150
600
2
1200
550
2
1200
600
2
1250
600
2
1250
550
2
1300
550
2
1300
600
2
1350
600
2
1350
550
2
1400
550
2
1400
600
2
1450
550
2
1450
600
2
1500
550
2
1500
600
2
1550
550
2
1550
600
2
1600
550
2
1600
600
2
1650
550
2
1650
600
2
1700
550
2
1700
600
2
1750
550
2
1750
600
2
