0
0
1
0
50
2
0
100
2
0
150
2
0
200
2
0
250
2
0
300
2
0
350
2
0
400
2
0
450
2
0
500
2
0
550
2
50
550
2
50
500
2
50
450
2
100
450
2
100
500
2
100
550
2
150
550
2
150
500
2
150
450
2
200
450
2
200
500
2
200
550
2
250
550
2
250
500
2
250
450
2
300
450
2
300
500
2
300
550
2
350
550
2
350
500
2
350
450
2
50
400
1
100
400
1
150
400
1
200
450
1
200
400
1
250
400
1
300
400
1
350
400
1
150
350
3
450
300
1
500
300
1
550
450
1
600
450
1
650
600
1
700
600
1
750
600
1
800
600
1
900
600
1
850
600
1
950
600
1
1000
600
1
1050
600
1
1100
600
1
0
600
2
50
600
2
100
600
2
150
600
2
250
600
2
300
600
2
200
600
2
350
600
2
350
650
2
300
650
2
250
650
2
150
650
2
200
650
2
100
650
2
50
650
2
0
650
2
0
700
2
50
700
2
100
700
2
150
700
2
200
700
2
250
700
2
300
700
2
350
700
2
350
750
2
300
750
2
250
750
2
200
750
2
200
750
2
100
750
2
150
750
2
50
750
2
0
750
2
0
0
2
0
0
2
0
0
2
0
0
2
0
0
2
0
50
2
-100
0
2
-50
0
2
-50
50
2
-100
50
2
-50
100
2
-100
100
2
-50
150
2
-100
150
2
-100
200
2
-50
200
2
-50
250
2
-100
250
2
-50
300
2
-100
300
2
-50
350
2
-100
350
2
-50
400
2
-100
400
2
-50
500
2
-100
450
2
-50
450
2
-50
500
2
-100
500
2
-50
550
2
-100
550
2
-100
600
2
0
600
2
-100
600
2
-50
600
2
-50
650
2
-50
650
2
-100
650
2
0
700
2
-50
700
2
-50
700
2
-100
700
2
0
750
2
-50
750
2
-100
750
2
1200
750
2
1150
750
2
1250
750
2
1300
750
2
1350
750
2
1400
750
2
1450
750
2
1450
700
2
1450
650
2
1450
600
2
1450
550
2
1450
500
2
1450
450
2
1450
400
2
1450
350
2
1450
300
2
1450
250
2
1450
200
2
1450
200
2
1450
150
2
1450
100
2
1450
50
2
1450
0
2
1450
0
2
1450
-50
2
1450
-50
2
1400
650
4
