0
550
2
0
500
2
0
450
2
0
400
2
0
350
2
0
300
2
0
250
2
0
200
2
0
150
2
0
100
2
0
50
2
0
0
2
50
550
1
100
550
1
150
550
1
200
550
1
250
550
1
300
550
1
350
500
1
400
500
1
450
500
1
500
450
1
550
450
1
600
550
1
650
550
1
700
550
1
750
550
1
800
550
1
850
550
1
900
450
1
950
450
1
800
350
1
750
350
1
700
350
1
650
250
1
600
250
1
550
250
1
500
250
1
450
250
1
400
250
1
350
250
1
300
250
1
250
250
1
150
250
1
250
100
1
200
250
2
200
100
1
150
100
1
100
250
1
50
250
1
50
200
1
350
50
1
400
50
1
500
0
1
550
0
1
650
0
1
700
0
1
800
0
1
850
0
1
950
0
1
1000
0
1
1100
0
1
1150
0
1
1200
0
1
1200
100
2
1200
150
2
1200
200
2
1200
250
2
1200
300
2
1250
300
2
1300
300
2
1350
300
2
1400
300
2
1450
300
2
1450
250
2
1450
200
2
1450
150
2
1450
100
2
1300
250
2
1300
200
2
1300
150
2
1350
150
2
1400
150
2
1400
200
2
1400
250
2
1350
250
2
1400
50
3
1250
50
3
1100
-50
3
500
-50
3
550
400
3
950
400
3
100
200
3
1350
200
4
