0
550
1
50
550
1
100
550
1
150
550
1
200
550
1
300
550
1
250
550
1
350
550
1
400
550
1
500
550
1
450
550
1
550
550
1
600
550
1
650
550
1
700
550
1
750
550
1
0
500
2
0
450
2
0
400
2
0
350
2
0
300
2
0
250
2
0
200
2
0
150
2
0
100
2
0
50
2
0
50
2
0
0
2
0
-50
2
0
-150
2
0
-200
2
0
-50
2
0
-250
2
0
-50
2
0
-50
2
0
-100
2
0
-250
2
0
-350
2
0
-300
2
0
-400
2
0
-450
2
0
-500
2
0
-550
2
0
-600
2
0
-650
2
0
-700
2
0
-750
2
0
-800
2
0
-900
2
0
-900
2
0
-850
2
0
-950
2
0
-1000
2
0
-1050
2
0
-1100
2
0
-1150
2
0
-1200
2
0
-1250
2
0
-1350
2
0
-1400
2
0
-1300
2
0
-1400
2
0
-1450
2
0
-1500
2
0
-1550
2
0
-1600
2
0
-1650
2
0
-1700
2
0
-1750
2
0
-1800
2
0
-1850
2
0
-1900
2
0
-1950
2
750
500
2
750
450
2
750
400
2
750
350
2
700
300
2
750
300
2
750
250
2
750
200
2
750
200
2
750
150
2
750
100
2
750
50
2
750
0
2
750
0
2
750
-50
2
750
-100
2
750
-150
2
750
-200
2
750
-250
2
750
-300
2
750
-350
2
750
-400
2
750
-450
2
750
-550
2
750
-600
2
750
-500
2
750
-600
2
750
-650
2
750
-700
2
750
-750
2
750
-800
2
750
-900
2
750
-900
2
750
-950
2
750
-850
2
750
-950
2
750
-1050
2
750
-1000
2
750
-1100
2
750
-1150
2
750
-1200
2
750
-1250
2
750
-1300
2
750
-1350
2
750
-1450
2
750
-1500
2
750
-1400
2
750
-1550
2
750
-1600
2
750
-1650
2
750
-1700
2
750
-1750
2
750
-1800
2
750
-1850
2
750
-1900
2
750
-1950
2
750
-2000
2
750
-2050
2
750
-2150
2
750
-2200
2
750
-2100
2
750
-2250
2
750
-2300
2
750
-2350
2
750
-2400
2
0
-2000
2
0
-2050
2
0
-2100
2
0
-2150
2
0
-2250
2
0
-2150
2
0
-2200
2
0
-2250
2
0
-2300
2
0
-2350
2
0
-2400
2
0
-2450
2
0
-2450
2
0
-2500
2
0
-2500
2
0
-2550
2
750
-2550
2
750
-2500
2
750
-2450
2
50
400
2
100
400
2
150
400
2
200
400
2
250
400
2
300
400
2
350
400
2
650
300
2
600
300
2
550
300
2
500
300
2
450
300
2
50
150
2
100
150
2
150
150
2
200
150
2
250
150
2
300
150
2
350
150
2
450
0
2
500
0
2
550
0
2
600
0
2
650
0
2
700
0
2
400
-100
2
400
-100
2
400
-100
2
400
-150
2
350
-150
2
300
-150
2
250
-150
2
200
-150
2
150
-150
2
100
-150
2
50
-150
2
450
-300
2
500
-300
2
550
-300
2
600
-300
2
650
-300
2
700
-300
2
50
-450
2
100
-450
2
150
-450
2
200
-450
2
250
-450
2
300
-450
2
350
-450
2
450
-600
2
500
-600
2
550
-600
2
600
-600
2
650
-600
2
700
-600
2
400
-750
2
350
-750
2
300
-750
2
250
-750
2
200
-750
2
150
-750
2
100
-750
2
50
-750
2
450
-850
2
500
-800
2
550
-800
2
550
-850
2
600
-850
2
50
-1050
2
100
-1000
2
150
-950
2
200
-950
2
250
-900
2
150
-1050
2
250
-1050
2
350
-1050
2
450
-1050
2
550
-1050
2
650
-1050
2
100
-1150
2
200
-1150
2
300
-1150
2
400
-1150
2
500
-1150
2
600
-1150
2
700
-1150
2
350
-1050
4
350
-1100
4
