0
100
2
0
100
2
0
100
2
0
100
2
0
100
2
0
100
2
0
100
2
0
100
2
0
100
2
0
100
2
0
100
2
0
100
2
0
100
2
0
100
2
0
100
2
0
100
2
0
100
2
0
100
2
0
100
2
0
100
2
0
100
2
0
100
2
0
100
2
0
100
2
0
100
2
0
150
2
0
150
2
0
150
2
0
150
2
0
150
2
0
150
2
0
150
2
0
150
2
0
150
2
0
150
2
0
150
2
0
150
2
0
150
2
0
150
2
0
150
2
0
150
2
0
150
2
0
150
2
0
150
2
0
150
2
0
150
2
0
150
2
0
150
2
0
150
2
0
150
2
0
150
2
0
150
2
0
150
2
0
150
2
0
150
2
0
200
2
0
200
2
0
200
2
0
200
2
0
200
2
0
200
2
0
200
2
0
200
2
0
200
2
0
200
2
0
200
2
0
200
2
0
200
2
0
200
2
0
200
2
0
200
2
0
200
2
0
200
2
0
200
2
0
200
2
0
200
2
0
250
2
0
250
2
0
250
2
0
250
2
0
250
2
0
250
2
0
250
2
0
250
2
0
250
2
0
250
2
0
250
2
0
250
2
0
250
2
0
250
2
0
250
2
0
250
2
0
250
2
0
250
2
0
250
2
0
250
2
0
250
2
0
250
2
0
250
2
0
250
2
0
250
2
0
250
2
0
250
2
0
250
2
0
300
2
0
300
2
0
300
2
0
300
2
0
300
2
0
300
2
0
300
2
0
300
2
0
300
2
0
300
2
0
300
2
0
300
2
0
300
2
0
300
2
0
300
2
0
300
2
0
300
2
0
300
2
0
300
2
0
300
2
0
300
2
0
300
2
0
300
2
0
300
2
0
300
2
0
300
2
0
300
2
0
300
2
0
300
2
0
300
2
0
300
2
0
300
2
0
300
2
0
300
2
0
300
2
0
300
2
0
300
2
0
300
2
0
300
2
0
350
2
0
350
2
0
350
2
0
350
2
0
350
2
0
350
2
0
350
2
0
350
2
0
350
2
0
350
2
0
350
2
0
350
2
0
350
2
0
350
2
0
350
2
0
350
2
0
350
2
0
350
2
0
350
2
0
350
2
0
350
2
0
350
2
0
350
2
0
350
2
0
350
2
0
350
2
0
350
2
0
350
2
0
350
2
0
350
2
0
350
2
0
350
2
0
350
2
0
350
2
0
350
2
0
350
2
0
350
2
0
350
2
0
350
2
0
350
2
0
400
2
0
400
2
0
400
2
0
400
2
0
400
2
0
400
2
0
400
2
0
400
2
0
400
2
0
400
2
0
400
2
0
400
2
0
400
2
0
400
2
0
400
2
0
400
2
0
400
2
0
400
2
0
400
2
0
400
2
0
400
2
0
400
2
0
400
2
0
400
2
0
400
2
0
400
2
0
400
2
0
400
2
0
400
2
0
400
2
0
400
2
0
400
2
0
400
2
0
400
2
0
400
2
0
400
2
0
400
2
0
400
2
0
400
2
0
400
2
0
400
2
0
450
2
0
450
2
0
450
2
0
450
2
0
450
2
0
450
2
0
450
2
0
450
2
0
450
2
0
450
2
0
450
2
0
450
2
0
450
2
0
450
2
0
450
2
0
450
2
0
450
2
0
450
2
0
450
2
0
450
2
0
450
2
0
450
2
0
450
2
0
450
2
0
450
2
0
450
2
0
450
2
0
450
2
0
450
2
0
450
2
0
450
2
0
450
2
0
450
2
0
450
2
0
450
2
0
450
2
0
450
2
0
450
2
0
450
2
0
450
2
0
450
2
0
450
2
0
450
2
0
450
2
0
450
2
0
450
2
0
450
2
0
500
2
0
500
2
0
500
2
0
500
2
0
500
2
0
500
2
0
500
2
0
500
2
0
500
2
0
500
2
0
500
2
0
500
2
0
500
2
0
500
2
0
500
2
0
500
2
0
500
2
0
500
2
0
500
2
0
500
2
0
500
2
0
500
2
0
500
2
0
500
2
0
500
2
0
500
2
0
500
2
0
500
2
0
500
2
0
500
2
0
500
2
0
500
2
0
500
2
0
500
2
0
500
2
0
500
2
0
500
2
0
500
2
0
500
2
0
500
2
0
500
2
0
500
2
0
500
2
0
500
2
0
500
2
0
500
2
0
500
2
0
500
2
0
550
2
0
550
2
0
550
2
0
550
2
0
550
2
0
550
2
0
550
2
0
550
2
0
550
2
50
550
1
100
550
1
150
550
1
200
550
1
250
550
1
300
550
1
350
550
1
400
550
1
450
550
1
600
550
1
650
550
1
700
550
1
750
450
1
800
450
1
850
450
1
900
450
1
950
450
1
1050
400
1
1100
400
1
1150
400
1
1200
400
1
1150
550
1
1200
550
1
1250
550
1
1350
550
1
1300
550
1
1400
550
1
1450
550
1
1500
550
1
1550
550
1
1350
450
1
1400
450
1
1300
300
1
1350
300
1
1450
250
1
1500
250
1
1350
150
1
1300
150
1
1150
150
1
1100
150
1
1000
150
1
950
150
1
850
150
1
800
150
1
700
50
1
650
50
1
600
50
1
550
50
1
550
200
1
500
200
1
450
200
1
400
200
1
350
200
1
300
200
1
150
150
1
100
150
1
0
100
1
-100
100
1
-50
100
1
0
550
1
-50
550
1
-100
550
1
-150
550
1
-200
550
1
-250
550
1
0
100
2
0
50
2
0
0
2
0
0
2
0
0
2
0
-50
2
0
-100
2
0
-150
2
0
-200
2
50
0
1
100
50
1
200
150
1
150
-50
1
100
-50
1
50
-50
1
200
-50
1
250
-50
1
300
-50
1
350
-50
1
400
-50
1
450
-50
1
500
-200
1
550
-200
1
450
-200
1
400
-200
1
350
-200
1
700
-200
1
750
-200
1
850
-200
1
900
-200
1
1000
-200
1
1050
-200
1
1150
-200
1
1200
-200
1
1300
-200
1
1350
-200
1
1450
-200
1
1500
-200
1
1600
550
2
1600
500
2
1600
450
2
1600
400
2
1600
350
2
1600
300
2
1600
250
2
1600
200
2
1650
550
2
1650
500
2
1650
450
2
1650
400
2
1650
350
2
1650
300
2
1650
250
2
1650
200
2
1600
200
2
1650
150
2
1600
150
2
1600
100
2
1650
100
2
1650
50
2
1600
50
2
1600
0
2
1650
0
2
1600
0
2
1650
0
2
1600
-50
2
1650
-50
2
1650
-100
2
1600
-100
2
1600
-150
2
1650
-150
2
1650
-200
1
1600
-200
1
1700
-100
1
1750
-100
1
1900
-50
1
1950
-50
1
1700
0
1
1700
100
1
1750
100
1
1800
100
1
1950
200
1
2000
200
1
1700
550
1
1750
550
1
1800
550
1
1850
550
1
1900
550
1
1950
550
1
2000
550
1
1700
300
1
1750
300
1
1800
300
1
1800
500
2
1800
450
2
1800
400
2
1850
400
2
1900
400
2
1900
450
2
1900
500
2
1700
500
3
2000
500
3
1800
250
3
1950
-50
3
1950
-100
3
50
-100
3
-200
500
3
400
500
3
1550
500
3
1400
400
3
300
150
3
450
-250
3
1700
0
3
1850
450
4
